0.000000000000000000e+00	1.513698515037593895e+00
5.000000000001530998e-05	1.516128991228070211e+00
1.000000000000306200e-04	1.514306134085213085e+00
1.500000000000459299e-04	1.513698515037593895e+00
2.000000000000612399e-04	1.516736610275689179e+00
2.500000000000765499e-04	1.520382324561403431e+00
3.000000000000918599e-04	1.519167086466165273e+00
3.500000000001071698e-04	1.524028038847117683e+00
4.000000000001224798e-04	1.524635657894736873e+00
4.500000000001377898e-04	1.524028038847117683e+00
5.000000000001530998e-04	1.524028038847117683e+00
5.500000000001684097e-04	1.520382324561403431e+00
6.000000000001837197e-04	1.519774705513784463e+00
6.500000000001990297e-04	1.516736610275689179e+00
7.000000000002143397e-04	1.517951848370927337e+00
7.500000000002296496e-04	1.515521372180451021e+00
8.000000000002449596e-04	1.517344229323308147e+00
8.500000000002602696e-04	1.516736610275689179e+00
9.000000000002755796e-04	1.516128991228070211e+00
9.500000000002908895e-04	1.520382324561403431e+00
1.000000000000306200e-03	1.522812800751879525e+00
1.050000000000321509e-03	1.524635657894736873e+00
1.100000000000336819e-03	1.528281372180451125e+00
1.150000000000352129e-03	1.528281372180451125e+00
1.200000000000367439e-03	1.527673753132831935e+00
1.250000000000382749e-03	1.525850895989974809e+00
1.300000000000398059e-03	1.522205181704260557e+00
1.350000000000413369e-03	1.519774705513784463e+00
1.400000000000428679e-03	1.519167086466165273e+00
1.450000000000443989e-03	1.520382324561403431e+00
1.500000000000459299e-03	1.520382324561403431e+00
1.550000000000474609e-03	1.521597562656641589e+00
1.600000000000489919e-03	1.524028038847117683e+00
1.650000000000505229e-03	1.525243276942355841e+00
1.700000000000520539e-03	1.525243276942355841e+00
1.750000000000535849e-03	1.527066134085212967e+00
1.800000000000551159e-03	1.530104229323308251e+00
1.850000000000566469e-03	1.528888991228070093e+00
1.900000000000581779e-03	1.530104229323308251e+00
1.950000000000597089e-03	1.528888991228070093e+00
2.000000000000612399e-03	1.520382324561403431e+00
2.050000000000627709e-03	1.516128991228070211e+00
2.100000000000643019e-03	1.514306134085212863e+00
2.150000000000658329e-03	1.516736610275689179e+00
2.200000000000673639e-03	1.516736610275689179e+00
2.250000000000688949e-03	1.519774705513784463e+00
2.300000000000704259e-03	1.521597562656641589e+00
2.350000000000719569e-03	1.522812800751879747e+00
2.400000000000734879e-03	1.523420419799498715e+00
2.450000000000750189e-03	1.525850895989974809e+00
2.500000000000765499e-03	1.528888991228070093e+00
2.550000000000780809e-03	1.528888991228070093e+00
2.600000000000796119e-03	1.526458515037593999e+00
2.650000000000811429e-03	1.524028038847117683e+00
2.700000000000826739e-03	1.520382324561403431e+00
2.750000000000842049e-03	1.519167086466165273e+00
2.800000000000857359e-03	1.521597562656641589e+00
2.850000000000872669e-03	1.520382324561403431e+00
2.900000000000887979e-03	1.520989943609022399e+00
2.950000000000903289e-03	1.520989943609022399e+00
3.000000000000918599e-03	1.522205181704260557e+00
3.050000000000933909e-03	1.527066134085212967e+00
3.100000000000949218e-03	1.526458515037593999e+00
3.150000000000964528e-03	1.530104229323308251e+00
3.200000000000979838e-03	1.531319467418546409e+00
3.250000000000995148e-03	1.528281372180451125e+00
3.300000000001010458e-03	1.529496610275689061e+00
3.350000000001025768e-03	1.528281372180451125e+00
3.400000000001041078e-03	1.530104229323308251e+00
3.450000000001056388e-03	1.529496610275689061e+00
3.500000000001071698e-03	1.530104229323308251e+00
3.550000000001087008e-03	1.531927086466165377e+00
3.600000000001102318e-03	1.531927086466165377e+00
3.650000000001117628e-03	1.534357562656641472e+00
3.700000000001132938e-03	1.532534705513784345e+00
3.750000000001148248e-03	1.528281372180451125e+00
3.800000000001163558e-03	1.527673753132831935e+00
3.850000000001178868e-03	1.525243276942355841e+00
3.900000000001194178e-03	1.525243276942355841e+00
3.950000000001209488e-03	1.524635657894736873e+00
4.000000000001224798e-03	1.526458515037593999e+00
4.050000000001240108e-03	1.527066134085212967e+00
4.100000000001255418e-03	1.529496610275689061e+00
4.150000000001270728e-03	1.531927086466165377e+00
4.200000000001286038e-03	1.535572800751879630e+00
4.250000000001301348e-03	1.536788038847117788e+00
4.300000000001316658e-03	1.536788038847117788e+00
4.350000000001331968e-03	1.533749943609022504e+00
4.400000000001347278e-03	1.531927086466165377e+00
4.450000000001362588e-03	1.531319467418546409e+00
4.500000000001377898e-03	1.528888991228070093e+00
4.550000000001393208e-03	1.528888991228070093e+00
4.600000000001408518e-03	1.531927086466165377e+00
4.650000000001423828e-03	1.533749943609022504e+00
4.700000000001439138e-03	1.536180419799498598e+00
4.750000000001454448e-03	1.534965181704260662e+00
4.800000000001469758e-03	1.538003276942355724e+00
4.850000000001485068e-03	1.539826134085213072e+00
4.900000000001500378e-03	1.539826134085213072e+00
4.950000000001515688e-03	1.540433753132832040e+00
5.000000000001530998e-03	1.538003276942355724e+00
5.050000000001546308e-03	1.537395657894736756e+00
5.100000000001561618e-03	1.533142324561403536e+00
5.150000000001576927e-03	1.535572800751879630e+00
5.200000000001592237e-03	1.539826134085213072e+00
5.250000000001607547e-03	1.541041372180451008e+00
5.300000000001622857e-03	1.546509943609022386e+00
5.350000000001638167e-03	1.549548038847117670e+00
5.400000000001653477e-03	1.551370895989974796e+00
5.450000000001668787e-03	1.551978515037593986e+00
5.500000000001684097e-03	1.551370895989974796e+00
5.550000000001699407e-03	1.551370895989974796e+00
5.600000000001714717e-03	1.548332800751879734e+00
5.650000000001730027e-03	1.545294705513784450e+00
5.700000000001745337e-03	1.542864229323308134e+00
5.750000000001760647e-03	1.543471848370927324e+00
5.800000000001775957e-03	1.542256610275689166e+00
5.850000000001791267e-03	1.545902324561403418e+00
5.900000000001806577e-03	1.548332800751879734e+00
5.950000000001821887e-03	1.550155657894736860e+00
6.000000000001837197e-03	1.556231848370927207e+00
6.050000000001852507e-03	1.556839467418546397e+00
6.100000000001867817e-03	1.556231848370927207e+00
6.150000000001883127e-03	1.559269943609022491e+00
6.200000000001898437e-03	1.558054705513784333e+00
6.250000000001913747e-03	1.559269943609022491e+00
6.300000000001929057e-03	1.558054705513784333e+00
6.350000000001944367e-03	1.558662324561403523e+00
6.400000000001959677e-03	1.556839467418546397e+00
6.450000000001974987e-03	1.555624229323308239e+00
6.500000000001990297e-03	1.559877562656641459e+00
6.550000000002005607e-03	1.559877562656641459e+00
6.600000000002020917e-03	1.561700419799498585e+00
6.650000000002036227e-03	1.569601372180451149e+00
6.700000000002051537e-03	1.567778515037594023e+00
6.750000000002066847e-03	1.570816610275689085e+00
6.800000000002082157e-03	1.572639467418546211e+00
6.850000000002097467e-03	1.570814705513784437e+00
6.900000000002112777e-03	1.575068038847117657e+00
6.950000000002128087e-03	1.577498515037593974e+00
7.000000000002143397e-03	1.576283276942355815e+00
7.050000000002158707e-03	1.573852800751879721e+00
7.100000000002174017e-03	1.575675657894736847e+00
7.150000000002189326e-03	1.576890895989974783e+00
7.200000000002204636e-03	1.578713753132832132e+00
7.250000000002219946e-03	1.580536610275689258e+00
7.300000000002235256e-03	1.583574705513784320e+00
7.350000000002250566e-03	1.585397562656641446e+00
7.400000000002265876e-03	1.590258515037593856e+00
7.450000000002281186e-03	1.593906134085212978e+00
7.500000000002296496e-03	1.593906134085212978e+00
7.550000000002311806e-03	1.593906134085212978e+00
7.600000000002327116e-03	1.595121372180451136e+00
7.650000000002342426e-03	1.590866134085213046e+00
7.700000000002357736e-03	1.592688991228070172e+00
7.750000000002373046e-03	1.596336610275689072e+00
7.800000000002388356e-03	1.596338515037593941e+00
7.850000000002403666e-03	1.599988038847117711e+00
7.900000000002418976e-03	1.603026134085212995e+00
7.950000000002434286e-03	1.609109943609022597e+00
8.000000000002449596e-03	1.615801372180451168e+00
8.050000000002464906e-03	1.618233753132831909e+00
8.100000000002480216e-03	1.623100419799498706e+00
8.150000000002495526e-03	1.621883276942355900e+00
8.200000000002510836e-03	1.618841372180451099e+00
8.250000000002526146e-03	1.615801372180451168e+00
8.300000000002541456e-03	1.614584229323308140e+00
8.350000000002556766e-03	1.615803276942355815e+00
8.400000000002572076e-03	1.619450895989974937e+00
8.450000000002587386e-03	1.624313753132831994e+00
8.500000000002602696e-03	1.628570895989974954e+00
8.550000000002618006e-03	1.635256610275689138e+00
8.600000000002633316e-03	1.636469943609022426e+00
8.650000000002648626e-03	1.635256610275689138e+00
8.700000000002663936e-03	1.644372800751879637e+00
8.750000000002679246e-03	1.644372800751879637e+00
8.800000000002694556e-03	1.646805181704260601e+00
8.850000000002709866e-03	1.646805181704260601e+00
8.900000000002725176e-03	1.647412800751879569e+00
8.950000000002740486e-03	1.648020419799498759e+00
9.000000000002755796e-03	1.649235657894736695e+00
9.050000000002771106e-03	1.651668038847117659e+00
9.100000000002786416e-03	1.651668038847117659e+00
9.150000000002801726e-03	1.651060419799498691e+00
9.200000000002817035e-03	1.652275657894736849e+00
9.250000000002832345e-03	1.657136610275689037e+00
9.300000000002847655e-03	1.659567086466165353e+00
9.350000000002862965e-03	1.666858515037593857e+00
9.400000000002878275e-03	1.672934705513784426e+00
9.450000000002893585e-03	1.675972800751879710e+00
9.500000000002908895e-03	1.677188038847117646e+00
9.550000000002924205e-03	1.680226134085212930e+00
9.600000000002939515e-03	1.679618515037593962e+00
9.650000000002954825e-03	1.675972800751879710e+00
9.700000000002970135e-03	1.678403276942355804e+00
9.750000000002985445e-03	1.682048991228070056e+00
9.800000000003000755e-03	1.683871848370927182e+00
9.850000000003016065e-03	1.689340419799498783e+00
9.900000000003031375e-03	1.693593753132832003e+00
9.950000000003046685e-03	1.697847086466165223e+00
1.000000000000306200e-02	1.702708038847117633e+00
1.005000000000307731e-02	1.708784229323308201e+00
1.010000000000309262e-02	1.713645181704260612e+00
1.015000000000310793e-02	1.713037562656641644e+00
1.020000000000312324e-02	1.719721372180451180e+00
1.025000000000313854e-02	1.722151848370927274e+00
1.030000000000315385e-02	1.721544229323308306e+00
1.035000000000316916e-02	1.725797562656641526e+00
1.040000000000318447e-02	1.727620419799498652e+00
1.045000000000319978e-02	1.727012800751879684e+00
1.050000000000321509e-02	1.733088991228070030e+00
1.055000000000323040e-02	1.733696610275689221e+00
1.060000000000324571e-02	1.737949943609022441e+00
1.065000000000326102e-02	1.742203276942355883e+00
1.070000000000327633e-02	1.747064229323308293e+00
1.075000000000329164e-02	1.752532800751879671e+00
1.080000000000330695e-02	1.755570895989974955e+00
1.085000000000332226e-02	1.759216610275689208e+00
1.090000000000333757e-02	1.765292800751879554e+00
1.095000000000335288e-02	1.767723276942355870e+00
1.100000000000336819e-02	1.772584229323308280e+00
1.105000000000338350e-02	1.773799467418546438e+00
1.110000000000339881e-02	1.776229943609022532e+00
1.115000000000341412e-02	1.779268038847117817e+00
1.120000000000342943e-02	1.783521372180451037e+00
1.125000000000344474e-02	1.791422324561403379e+00
1.130000000000346005e-02	1.795675657894736821e+00
1.135000000000347536e-02	1.799321372180451073e+00
1.140000000000349067e-02	1.806005181704260609e+00
1.145000000000350598e-02	1.806610895989974708e+00
1.150000000000352129e-02	1.806612800751879577e+00
1.155000000000353660e-02	1.814513753132831919e+00
1.160000000000355191e-02	1.815728991228070077e+00
1.165000000000356722e-02	1.818767086466165361e+00
1.170000000000358253e-02	1.825450895989974898e+00
1.175000000000359784e-02	1.829708038847117635e+00
1.180000000000361315e-02	1.832144229323308116e+00
1.185000000000362846e-02	1.841871848370927101e+00
1.190000000000364377e-02	1.840047086466165327e+00
1.195000000000365908e-02	1.844911848370927254e+00
1.200000000000367439e-02	1.849165181704260474e+00
1.205000000000368970e-02	1.852814705513784244e+00
1.210000000000370501e-02	1.858896610275689198e+00
1.215000000000372032e-02	1.863761372180451126e+00
1.220000000000373563e-02	1.865584229323308030e+00
1.225000000000375094e-02	1.871662324561403246e+00
1.230000000000376625e-02	1.878957562656641489e+00
1.235000000000378156e-02	1.885641372180451025e+00
1.240000000000379687e-02	1.888679467418546309e+00
1.245000000000381218e-02	1.892932800751879530e+00
1.250000000000382749e-02	1.899008991228070098e+00
1.255000000000384280e-02	1.899616610275689066e+00
1.260000000000385811e-02	1.908123276942355728e+00
1.265000000000387342e-02	1.912376610275689170e+00
1.270000000000388873e-02	1.916022324561403423e+00
1.275000000000390404e-02	1.917845181704260549e+00
1.280000000000391935e-02	1.919060419799498707e+00
1.285000000000393466e-02	1.923921372180450895e+00
1.290000000000394997e-02	1.929389943609022495e+00
1.295000000000396528e-02	1.932428038847117779e+00
1.300000000000398059e-02	1.940327086466165252e+00
1.305000000000399590e-02	1.945188038847117662e+00
1.310000000000401121e-02	1.947618515037593756e+00
1.315000000000402652e-02	1.954302324561403292e+00
1.320000000000404183e-02	1.956732800751879608e+00
1.325000000000405714e-02	1.965847086466165239e+00
1.330000000000407245e-02	1.972530895989974775e+00
1.335000000000408776e-02	1.977999467418546153e+00
1.340000000000410307e-02	1.984683276942355690e+00
1.345000000000411838e-02	1.985290895989974658e+00
1.350000000000413369e-02	1.990759467418546258e+00
1.355000000000414900e-02	1.996228038847117636e+00
1.360000000000416431e-02	2.001696610275689014e+00
1.365000000000417962e-02	2.009595657894736931e+00
1.370000000000419493e-02	2.019317562656641307e+00
1.375000000000421024e-02	2.023570895989974971e+00
1.380000000000422555e-02	2.027824229323308192e+00
1.385000000000424086e-02	2.037548038847117660e+00
1.390000000000425617e-02	2.041801372180450880e+00
1.395000000000427148e-02	2.046054705513784100e+00
1.400000000000428679e-02	2.053953753132832016e+00
1.405000000000430210e-02	2.055774705513784273e+00
1.410000000000431741e-02	2.060639467418546200e+00
1.415000000000433272e-02	2.069761372180451087e+00
1.420000000000434803e-02	2.077668038847117593e+00
1.425000000000436334e-02	2.082534705513784168e+00
1.430000000000437865e-02	2.094694705513784339e+00
1.435000000000439396e-02	2.101380419799498522e+00
1.440000000000440927e-02	2.108066134085212706e+00
1.445000000000442458e-02	2.120829943609022550e+00
1.450000000000443989e-02	2.122045181704260486e+00
1.455000000000445520e-02	2.129336610275688990e+00
1.460000000000447051e-02	2.132982324561403242e+00
1.465000000000448582e-02	2.133589943609022654e+00
1.470000000000450113e-02	2.134805181704260590e+00
1.475000000000451644e-02	2.138450895989974843e+00
1.480000000000453175e-02	2.146349943609022759e+00
1.485000000000454706e-02	2.153641372180451263e+00
1.490000000000456237e-02	2.162148038847117704e+00
1.495000000000457768e-02	2.174908038847117808e+00
1.500000000000459299e-02	2.178553753132832060e+00
1.505000000000460830e-02	2.187060419799498501e+00
1.510000000000462361e-02	2.196174705513784353e+00
1.515000000000463892e-02	2.206504229323308142e+00
1.520000000000465423e-02	2.215618515037593994e+00
1.525000000000466954e-02	2.219871848370927214e+00
1.530000000000468485e-02	2.227770895989974687e+00
1.535000000000470016e-02	2.233847086466165255e+00
1.540000000000471547e-02	2.237492800751879507e+00
1.545000000000473078e-02	2.248429943609022708e+00
1.550000000000474609e-02	2.253290895989974452e+00
1.555000000000476140e-02	2.259368991228070112e+00
1.560000000000477671e-02	2.267268038847117584e+00
1.565000000000479202e-02	2.278816610275689047e+00
1.570000000000480733e-02	2.291580419799498891e+00
1.575000000000482264e-02	2.301308038847117654e+00
1.580000000000483795e-02	2.307993753132831838e+00
1.585000000000485326e-02	2.314681372180451113e+00
1.590000000000486857e-02	2.314073753132832145e+00
1.595000000000488388e-02	2.321367086466165297e+00
1.600000000000489919e-02	2.331700419799498825e+00
1.605000000000491450e-02	2.337168991228069981e+00
1.610000000000492981e-02	2.345071848370927192e+00
1.615000000000494512e-02	2.359050895989974972e+00
1.620000000000496043e-02	2.366344229323308124e+00
1.625000000000497574e-02	2.376677562656641651e+00
1.630000000000499105e-02	2.384576610275689124e+00
1.635000000000500636e-02	2.393083276942355564e+00
1.640000000000502167e-02	2.406450895989975081e+00
1.645000000000503698e-02	2.423464229323308405e+00
1.650000000000505229e-02	2.431363276942355878e+00
1.655000000000506760e-02	2.441692800751879666e+00
1.660000000000508291e-02	2.443515657894736570e+00
1.665000000000509822e-02	2.444123276942355982e+00
1.670000000000511353e-02	2.448984229323308170e+00
1.675000000000512884e-02	2.456275657894736675e+00
1.680000000000514415e-02	2.470250895989974715e+00
1.685000000000515946e-02	2.484228038847117848e+00
1.690000000000517477e-02	2.503675657894737228e+00
1.695000000000519008e-02	2.512789943609022636e+00
1.700000000000520539e-02	2.531629943609022604e+00
1.705000000000522070e-02	2.543180419799498715e+00
1.710000000000523601e-02	2.548648991228070315e+00
1.715000000000525132e-02	2.558986134085213138e+00
1.720000000000526663e-02	2.569321372180451313e+00
1.725000000000528194e-02	2.580868038847117685e+00
1.730000000000529725e-02	2.586948038847117548e+00
1.735000000000531256e-02	2.598496610275689012e+00
1.740000000000532787e-02	2.600928991228069975e+00
1.745000000000534318e-02	2.605182324561403640e+00
1.750000000000535849e-02	2.620372800751879616e+00
1.755000000000537380e-02	2.628271848370927088e+00
1.760000000000538911e-02	2.642854705513784097e+00
1.765000000000540442e-02	2.653184229323308330e+00
1.770000000000541973e-02	2.662906134085212706e+00
1.775000000000543504e-02	2.679311848370927063e+00
1.780000000000545035e-02	2.685388038847117187e+00
1.785000000000546566e-02	2.703616610275688892e+00
1.790000000000548097e-02	2.710300419799498428e+00
1.795000000000549628e-02	2.720629943609022661e+00
1.800000000000551159e-02	2.730959467418546005e+00
1.805000000000552690e-02	2.740683276942355917e+00
1.810000000000554221e-02	2.753445181704260669e+00
1.815000000000555752e-02	2.765605181704260396e+00
1.820000000000557283e-02	2.774725181704260635e+00
1.825000000000558814e-02	2.791746134085212994e+00
1.830000000000560345e-02	2.803298515037593752e+00
1.835000000000561876e-02	2.821530895989974752e+00
1.840000000000563407e-02	2.837940419799498404e+00
1.845000000000564938e-02	2.849485181704260128e+00
1.850000000000566469e-02	2.861637562656641265e+00
1.855000000000568000e-02	2.869536610275688737e+00
1.860000000000569531e-02	2.888372800751879410e+00
1.865000000000571062e-02	2.899309943609022167e+00
1.870000000000572593e-02	2.915108038847117555e+00
1.875000000000574124e-02	2.933944229323307784e+00
1.880000000000575655e-02	2.947311848370927301e+00
1.885000000000577186e-02	2.960681372180451021e+00
1.890000000000578717e-02	2.978911848370926929e+00
1.895000000000580248e-02	2.995930895989975085e+00
1.900000000000581779e-02	3.005047086466165140e+00
1.905000000000583310e-02	3.029968991228070063e+00
1.910000000000584841e-02	3.037266134085212510e+00
1.915000000000586372e-02	3.046384229323308102e+00
1.920000000000587903e-02	3.061580419799498465e+00
1.925000000000589434e-02	3.073734705513784249e+00
1.930000000000590965e-02	3.093178515037593890e+00
1.935000000000592496e-02	3.112016610275689210e+00
1.940000000000594027e-02	3.121130895989974618e+00
1.945000000000595558e-02	3.142397562656641608e+00
1.950000000000597089e-02	3.153942324561403332e+00
1.955000000000598620e-02	3.167309943609022405e+00
1.960000000000600151e-02	3.187968991228069982e+00
1.965000000000601682e-02	3.206199467418546334e+00
1.970000000000603213e-02	3.222610895989974189e+00
1.975000000000604744e-02	3.242666134085212981e+00
1.980000000000606275e-02	3.257864229323308436e+00
1.985000000000607806e-02	3.278528991228069955e+00
1.990000000000609337e-02	3.293725181704260319e+00
1.995000000000610868e-02	3.314389943609022282e+00
2.000000000000612399e-02	3.327759467418546002e+00
2.005000000000613930e-02	3.345989943609022355e+00
2.010000000000615461e-02	3.367256610275688899e+00
2.015000000000616992e-02	3.383054705513783844e+00
2.020000000000618523e-02	3.403713753132831865e+00
2.025000000000620054e-02	3.426805181704260406e+00
2.030000000000621585e-02	3.443212800751879410e+00
2.035000000000623116e-02	3.460833753132832147e+00
2.040000000000624647e-02	3.485146134085212566e+00
2.045000000000626178e-02	3.507637562656641173e+00
2.050000000000627709e-02	3.526481372180451324e+00
2.055000000000629240e-02	3.542894705513784270e+00
2.060000000000630771e-02	3.564772800751879078e+00
2.065000000000632302e-02	3.581178515037594323e+00
2.070000000000633833e-02	3.603052800751878948e+00
2.075000000000635364e-02	3.626142324561403285e+00
2.080000000000636895e-02	3.644370895989974102e+00
2.085000000000638426e-02	3.661384229323307871e+00
2.090000000000639957e-02	3.691165181704260334e+00
2.095000000000641488e-02	3.708791848370926569e+00
2.100000000000643019e-02	3.733713753132831492e+00
2.105000000000644550e-02	3.759243276942355827e+00
2.110000000000646081e-02	3.780513753132831667e+00
2.115000000000647612e-02	3.804822324561403235e+00
2.120000000000649143e-02	3.823050895989974052e+00
2.125000000000650674e-02	3.846748038847117357e+00
2.130000000000652205e-02	3.868014705513784346e+00
2.135000000000653736e-02	3.894142324561403967e+00
2.140000000000655267e-02	3.922706134085212959e+00
2.145000000000656798e-02	3.950056610275689106e+00
2.150000000000658329e-02	3.973151848370926498e+00
2.155000000000659860e-02	3.999288991228069801e+00
2.160000000000661391e-02	4.022989943609022845e+00
2.165000000000662922e-02	4.052159467418546157e+00
2.170000000000664453e-02	4.075250895989974254e+00
2.175000000000665984e-02	4.111104229323307990e+00
2.180000000000667515e-02	4.131765181704260215e+00
2.185000000000669046e-02	4.157896610275688687e+00
2.190000000000670577e-02	4.186462324561403214e+00
2.195000000000672108e-02	4.211991848370927549e+00
2.200000000000673639e-02	4.238732800751879637e+00
2.205000000000675170e-02	4.263650895989974821e+00
2.210000000000676701e-02	4.293428038847117989e+00
2.215000000000678232e-02	4.322593753132832006e+00
2.220000000000679763e-02	4.342037562656640759e+00
2.225000000000681294e-02	4.377888991228069848e+00
2.230000000000682825e-02	4.403412800751880241e+00
2.235000000000684356e-02	4.433193753132831816e+00
2.240000000000685887e-02	4.467837562656642447e+00
2.245000000000687418e-02	4.500658515037593510e+00
2.250000000000688949e-02	4.535300419799498606e+00
2.255000000000690480e-02	4.567508038847117646e+00
2.260000000000692011e-02	4.602753753132831527e+00
2.265000000000693542e-02	4.634353753132831599e+00
2.270000000000695073e-02	4.671426134085212567e+00
2.275000000000696604e-02	4.707283276942355599e+00
2.280000000000698135e-02	4.740708038847117223e+00
2.285000000000699666e-02	4.777778515037594431e+00
2.290000000000701197e-02	4.813629943609021744e+00
2.295000000000702728e-02	4.848266134085212897e+00
2.300000000000704259e-02	4.884732800751878656e+00
2.305000000000705790e-02	4.919374705513783752e+00
2.310000000000707321e-02	4.952803276942355559e+00
2.315000000000708852e-02	4.991090895989974463e+00
2.320000000000710383e-02	5.031195657894736328e+00
2.325000000000711914e-02	5.074951848370925944e+00
2.330000000000713445e-02	5.121140419799496968e+00
2.335000000000714976e-02	5.162468038847116247e+00
2.340000000000716507e-02	5.207441372180451111e+00
2.345000000000718038e-02	5.246334705513784336e+00
2.350000000000719569e-02	5.285829943609022585e+00
2.355000000000721100e-02	5.327155657894736329e+00
2.360000000000722631e-02	5.369090895989974577e+00
2.365000000000724162e-02	5.414064229323308552e+00
2.370000000000725693e-02	5.454784229323307976e+00
2.375000000000727224e-02	5.505222324561403369e+00
2.380000000000728755e-02	5.552014705513784065e+00
2.385000000000730286e-02	5.604277562656640121e+00
2.390000000000731817e-02	5.655934705513783634e+00
2.395000000000733348e-02	5.704553753132831417e+00
2.400000000000734879e-02	5.758639467418546154e+00
2.405000000000736410e-02	5.807864229323307370e+00
2.410000000000737941e-02	5.856483276942355154e+00
2.415000000000739472e-02	5.903279467418546034e+00
2.420000000000741003e-02	5.947035657894736538e+00
2.425000000000742534e-02	5.996866134085212074e+00
2.430000000000744065e-02	6.049130895989974555e+00
2.435000000000745596e-02	6.104433753132831875e+00
2.440000000000747127e-02	6.163382324561403891e+00
2.445000000000748658e-02	6.220508038847117227e+00
2.450000000000750189e-02	6.279456610275689243e+00
2.455000000000751720e-02	6.336582324561402579e+00
2.460000000000753251e-02	6.393708038847117692e+00
2.465000000000754782e-02	6.457523276942355395e+00
2.470000000000756313e-02	6.522549943609021739e+00
2.475000000000757844e-02	6.584536610275688595e+00
2.480000000000759375e-02	6.651991848370926164e+00
2.485000000000760906e-02	6.711549943609022684e+00
2.490000000000762437e-02	6.772319467418546957e+00
2.495000000000763968e-02	6.834306134085212925e+00
2.500000000000765499e-02	6.893254705513784053e+00
2.505000000000767030e-02	6.962536610275687821e+00
2.510000000000768561e-02	7.036069943609022381e+00
2.515000000000770092e-02	7.106565181704259437e+00
2.520000000000771623e-02	7.186178515037594750e+00
2.525000000000773154e-02	7.260928991228071006e+00
2.530000000000774685e-02	7.342967086466164695e+00
2.535000000000776216e-02	7.419540419799498743e+00
2.540000000000777747e-02	7.496721372180449983e+00
2.545000000000779278e-02	7.572077562656640559e+00
2.550000000000780809e-02	7.654732800751879118e+00
2.555000000000782340e-02	7.725841372180449973e+00
2.560000000000783871e-02	7.813349943609022574e+00
2.565000000000785402e-02	7.897216610275687998e+00
2.570000000000786933e-02	7.979862324561404208e+00
2.575000000000788464e-02	8.071014705513782417e+00
2.580000000000789995e-02	8.158530895989976273e+00
2.585000000000791526e-02	8.250294705513784521e+00
2.590000000000793057e-02	8.342668038847115497e+00
2.595000000000794588e-02	8.442336610275688713e+00
2.600000000000796119e-02	8.541395657894735649e+00
2.605000000000797650e-02	8.651393753132829545e+00
2.610000000000799181e-02	8.752277562656640697e+00
2.615000000000800712e-02	8.859235657894735994e+00
2.620000000000802243e-02	8.964370895989976162e+00
2.625000000000803774e-02	9.064037562656640290e+00
2.630000000000805305e-02	9.175248991228070139e+00
2.635000000000806836e-02	9.284031848370926099e+00
2.640000000000808367e-02	9.397069943609022147e+00
2.645000000000809898e-02	9.511930895989976875e+00
2.650000000000811429e-02	9.636511848370929556e+00
2.655000000000812960e-02	9.762311848370927692e+00
2.660000000000814491e-02	9.886896610275687891e+00
2.665000000000816022e-02	1.001512327694235438e+01
2.670000000000817553e-02	1.014335565789473748e+01
2.675000000000819084e-02	1.027766041979949918e+01
2.680000000000820615e-02	1.041743756265664089e+01
2.685000000000822146e-02	1.055417280075187847e+01
2.690000000000823677e-02	1.069090994360902158e+01
2.695000000000825208e-02	1.083433280075188065e+01
2.700000000000826739e-02	1.097836137218045138e+01
2.705000000000828270e-02	1.112725470551378493e+01
2.710000000000829801e-02	1.129194803884711718e+01
2.715000000000831332e-02	1.144813280075187834e+01
2.720000000000832863e-02	1.161951184837092654e+01
2.725000000000834394e-02	1.178846041979949888e+01
2.730000000000835925e-02	1.195740518170426014e+01
2.735000000000837456e-02	1.214215184837092565e+01
2.740000000000838987e-02	1.232386041979949809e+01
2.745000000000840518e-02	1.251407375313283055e+01
2.750000000000842049e-02	1.270368327694235688e+01
2.755000000000843580e-02	1.289694041979950256e+01
2.760000000000845111e-02	1.309323184837092668e+01
2.765000000000846642e-02	1.329681851503759304e+01
2.770000000000848173e-02	1.350952137218044768e+01
2.775000000000849704e-02	1.371979184837092447e+01
2.780000000000851235e-02	1.394465089598997309e+01
2.785000000000852766e-02	1.416282232456140733e+01
2.790000000000854297e-02	1.438889470551378480e+01
2.795000000000855828e-02	1.461922232456140591e+01
2.800000000000857359e-02	1.485258803884711654e+01
2.805000000000858890e-02	1.509263946741854667e+01
2.810000000000860421e-02	1.533451184837092640e+01
2.815000000000861952e-02	1.556848518170425777e+01
2.820000000000863483e-02	1.583831184837092465e+01
2.825000000000865014e-02	1.610206232456140185e+01
2.830000000000866545e-02	1.634636899122806497e+01
2.835000000000868076e-02	1.659978994360902149e+01
2.840000000000869607e-02	1.688177280075187880e+01
2.845000000000871138e-02	1.712304327694235795e+01
2.850000000000872669e-02	1.739226232456140053e+01
2.855000000000874200e-02	1.763352708646616662e+01
2.860000000000875731e-02	1.790274994360902028e+01
2.865000000000877262e-02	1.817014613408521129e+01
2.870000000000878793e-02	1.843146994360902013e+01
2.875000000000880324e-02	1.875416899122807379e+01
2.880000000000881855e-02	1.906471375313283190e+01
2.885000000000883386e-02	1.932542422932330695e+01
2.890000000000884917e-02	1.960801280075187947e+01
2.895000000000886448e-02	1.992645851503758792e+01
2.900000000000887979e-02	2.021330232456140408e+01
2.905000000000889510e-02	2.051898803884711597e+01
2.910000000000891041e-02	2.081798613408520993e+01
2.915000000000892572e-02	2.116681851503759404e+01
2.920000000000894103e-02	2.147675946741854602e+01
2.925000000000895634e-02	2.173990232456140248e+01
2.930000000000897165e-02	2.208569470551378089e+01
2.935000000000898696e-02	2.238590994360902542e+01
2.940000000000900227e-02	2.268976899122806756e+01
2.945000000000901758e-02	2.302826994360902191e+01
2.950000000000903289e-02	2.331997661027568469e+01
2.955000000000904820e-02	2.368217851503759519e+01
2.960000000000906351e-02	2.398421661027568774e+01
2.965000000000907882e-02	2.425829661027568918e+01
2.970000000000909413e-02	2.451232708646615777e+01
2.975000000000910944e-02	2.480889661027568494e+01
2.980000000000912475e-02	2.505927946741854484e+01
2.985000000000914006e-02	2.534430041979950232e+01
2.990000000000915537e-02	2.564694613408520851e+01
2.995000000000917068e-02	2.594351375313283370e+01
3.000000000000918599e-02	2.620544137218044867e+01
3.005000000000920130e-02	2.647709661027569084e+01
3.010000000000921661e-02	2.671046041979949237e+01
3.015000000000923192e-02	2.695293851503759086e+01
3.020000000000924723e-02	2.717536518170426163e+01
3.025000000000926254e-02	2.742756899122807468e+01
3.030000000000927785e-02	2.768342232456140906e+01
3.035000000000929316e-02	2.794109851503759856e+01
3.040000000000930847e-02	2.817324708646616571e+01
3.045000000000932378e-02	2.841208137218044882e+01
3.050000000000933909e-02	2.860898041979950435e+01
3.055000000000935440e-02	2.877063565789473998e+01
3.060000000000936971e-02	2.891284518170425955e+01
3.065000000000938501e-02	2.899732137218044770e+01
3.070000000000940032e-02	2.911157470551378168e+01
3.075000000000941563e-02	2.921792518170425623e+01
3.080000000000943094e-02	2.936681470551377870e+01
3.085000000000944625e-02	2.949321851503759007e+01
3.090000000000946156e-02	2.961780518170425225e+01
3.095000000000947687e-02	2.970956899122807471e+01
3.100000000000949218e-02	2.972780137218045127e+01
3.105000000000950749e-02	2.972840708646616292e+01
3.110000000000952280e-02	2.973813089598997195e+01
3.115000000000953811e-02	2.977277280075187704e+01
3.120000000000955342e-02	2.982503946741853795e+01
3.125000000000956873e-02	2.986089470551378255e+01
3.130000000000958404e-02	2.990525661027568560e+01
3.135000000000959935e-02	2.991011375313283693e+01
3.140000000000961466e-02	2.989734994360901510e+01
3.145000000000962997e-02	2.990707375313282768e+01
3.150000000000964528e-02	2.991558041979949678e+01
3.155000000000966059e-02	2.993199375313283284e+01
3.160000000000967590e-02	2.996602803884711008e+01
3.165000000000969121e-02	3.000188518170425311e+01
3.170000000000970652e-02	3.001950994360901959e+01
3.175000000000972183e-02	3.004199375313283582e+01
3.180000000000973714e-02	3.006265470551378272e+01
3.185000000000975245e-02	3.008270803884711952e+01
3.190000000000976776e-02	3.008938994360902441e+01
3.195000000000978307e-02	3.011005280075187684e+01
3.200000000000979838e-02	3.011430803884711693e+01
3.205000000000981369e-02	3.008878422932330565e+01
3.210000000000982900e-02	3.006265470551378272e+01
3.215000000000984431e-02	3.003895565789473565e+01
3.220000000000985962e-02	3.001464899122807495e+01
3.225000000000987493e-02	2.999945470551378790e+01
3.230000000000989024e-02	3.003713280075188052e+01
3.235000000000990555e-02	3.003348327694235920e+01
3.240000000000992086e-02	3.005292899122806816e+01
3.245000000000993617e-02	3.004320708646617177e+01
3.250000000000995148e-02	3.004502994360901624e+01
3.255000000000996679e-02	3.003166232456140605e+01
3.260000000000998210e-02	3.002132899122807430e+01
3.265000000000999741e-02	3.000552708646616296e+01
3.270000000001001272e-02	2.998607946741854491e+01
3.275000000001002803e-02	2.999033661027568698e+01
3.280000000001004334e-02	2.998790613408521111e+01
3.285000000001005865e-02	2.998243565789474019e+01
3.290000000001007396e-02	2.997696708646617125e+01
3.295000000001008927e-02	2.998669089598997672e+01
3.300000000001010458e-02	2.997939756265663647e+01
3.305000000001011989e-02	2.998426041979950085e+01
3.310000000001013520e-02	2.999459184837093417e+01
3.315000000001015051e-02	2.998243565789474019e+01
3.320000000001016582e-02	2.997271184837093116e+01
3.325000000001018113e-02	2.997514041979950150e+01
3.330000000001019644e-02	2.996906232456140984e+01
3.335000000001021175e-02	2.995508708646616824e+01
3.340000000001022706e-02	2.993503375313282788e+01
3.345000000001024237e-02	2.992834994360901746e+01
3.350000000001025768e-02	2.991376708646616223e+01
3.355000000001027299e-02	2.990100137218044551e+01
3.360000000001028830e-02	2.989856708646616568e+01
3.365000000001030361e-02	2.989066422932330980e+01
3.370000000001031892e-02	2.989795756265664295e+01
3.375000000001033423e-02	2.989674422932329989e+01
3.380000000001034954e-02	2.990221280075188659e+01
3.385000000001036485e-02	2.990038994360902436e+01
3.390000000001038016e-02	2.990342803884711387e+01
3.395000000001039547e-02	2.990646613408521404e+01
3.400000000001041078e-02	2.989492137218044476e+01
3.405000000001042609e-02	2.989249089598997244e+01
3.410000000001044140e-02	2.989491946741854278e+01
3.415000000001045671e-02	2.988701851503758888e+01
3.420000000001047202e-02	2.988519375313282467e+01
3.425000000001048733e-02	2.987729470551378341e+01
3.430000000001050264e-02	2.987243375313282812e+01
3.435000000001051795e-02	2.986331946741854182e+01
3.440000000001053326e-02	2.985481280075187627e+01
3.445000000001054857e-02	2.984934422932330023e+01
3.450000000001056388e-02	2.984326803884711055e+01
3.455000000001057919e-02	2.984022994360901748e+01
3.460000000001059450e-02	2.983719184837091376e+01
3.465000000001060981e-02	2.983354613408519995e+01
3.470000000001062512e-02	2.982990041979948614e+01
3.475000000001064043e-02	2.982929280075186540e+01
3.480000000001065574e-02	2.982443184837091366e+01
3.485000000001067105e-02	2.982443184837091366e+01
3.490000000001068636e-02	2.982443184837091366e+01
3.495000000001070167e-02	2.982321661027567572e+01
3.500000000001071698e-02	2.982200137218043778e+01
3.505000000001073229e-02	2.981774803884710678e+01
3.510000000001074760e-02	2.981410232456139298e+01
3.515000000001076291e-02	2.981167184837091710e+01
3.520000000001077822e-02	2.980681089598996536e+01
3.525000000001079353e-02	2.980194994360901362e+01
3.530000000001080884e-02	2.979526613408520319e+01
3.535000000001082415e-02	2.979587375313282394e+01
3.540000000001083946e-02	2.978493661027568251e+01
3.545000000001085477e-02	2.977886041979949283e+01
3.550000000001087008e-02	2.977582232456139621e+01
3.555000000001088539e-02	2.976609851503759074e+01
3.560000000001090070e-02	2.976366803884711132e+01
3.565000000001091601e-02	2.976366803884711132e+01
3.570000000001093132e-02	2.975880708646615957e+01
3.575000000001094663e-02	2.975516137218043866e+01
3.580000000001096194e-02	2.975516327694234420e+01
3.585000000001097725e-02	2.975516137218044221e+01
3.590000000001099256e-02	2.975637661027568370e+01
3.595000000001100787e-02	2.975394422932330230e+01
3.600000000001102318e-02	2.975151375313282287e+01
3.605000000001103849e-02	2.974969280075186973e+01
3.610000000001105380e-02	2.974726232456139385e+01
3.615000000001106911e-02	2.974422232456139525e+01
3.620000000001108442e-02	2.973935565789473046e+01
3.625000000001109973e-02	2.973023375313282557e+01
3.630000000001111504e-02	2.972172137218044696e+01
3.635000000001113035e-02	2.971442422932330629e+01
3.640000000001114566e-02	2.970165851503758958e+01
3.645000000001116097e-02	2.969254232456140130e+01
3.650000000001117628e-02	2.968463946741854542e+01
3.655000000001119159e-02	2.967613280075187987e+01
3.660000000001120690e-02	2.966884137218045225e+01
3.665000000001122221e-02	2.966154994360902464e+01
3.670000000001123752e-02	2.965608137218045570e+01
3.675000000001125283e-02	2.965304327694235909e+01
3.680000000001126814e-02	2.964818232456140734e+01
3.685000000001128345e-02	2.965243565789474189e+01
3.690000000001129876e-02	2.965000518170426602e+01
3.695000000001131407e-02	2.964635946741855221e+01
3.700000000001132938e-02	2.964453661027569353e+01
3.705000000001134469e-02	2.963542232456140013e+01
3.710000000001136000e-02	2.963116899122806913e+01
3.715000000001137531e-02	2.962387756265664152e+01
3.720000000001139062e-02	2.961172518170426216e+01
3.725000000001140593e-02	2.960018041979949999e+01
3.730000000001142124e-02	2.958377470551378963e+01
3.735000000001143655e-02	2.957405280075188614e+01
3.740000000001145186e-02	2.956615375313283423e+01
3.745000000001146717e-02	2.955582422932330999e+01
3.750000000001148248e-02	2.954914041979949957e+01
3.755000000001149779e-02	2.953881089598997534e+01
3.760000000001151310e-02	2.952969661027569259e+01
3.765000000001152841e-02	2.952301089598997308e+01
3.770000000001154372e-02	2.951754041979949861e+01
3.775000000001155903e-02	2.951328518170426563e+01
3.780000000001157434e-02	2.950781470551379115e+01
3.785000000001158965e-02	2.950234041979949851e+01
3.790000000001160496e-02	2.949626041979949420e+01
3.795000000001162027e-02	2.949200137218045015e+01
3.800000000001163558e-02	2.948591756265663477e+01
3.805000000001165089e-02	2.948226803884710634e+01
3.810000000001166620e-02	2.947922613408520220e+01
3.815000000001168151e-02	2.947497089598996567e+01
3.820000000001169682e-02	2.947314803884711054e+01
3.825000000001171213e-02	2.946828708646615880e+01
3.830000000001172744e-02	2.946464137218043788e+01
3.835000000001174275e-02	2.946038803884710688e+01
3.840000000001175806e-02	2.945188137218044133e+01
3.845000000001177337e-02	2.944458994360901372e+01
3.850000000001178868e-02	2.943182994360901006e+01
3.855000000001180399e-02	2.941906994360901351e+01
3.860000000001181930e-02	2.941056327694234440e+01
3.865000000001183461e-02	2.940752518170425134e+01
3.870000000001184992e-02	2.940144899122806166e+01
3.875000000001186523e-02	2.939962613408520653e+01
3.880000000001188054e-02	2.939415756265663404e+01
3.885000000001189585e-02	2.938747375313282717e+01
3.890000000001191116e-02	2.938443565789473055e+01
3.895000000001192647e-02	2.937957470551377881e+01
3.900000000001194178e-02	2.937835946741854087e+01
3.905000000001195709e-02	2.937046041979949607e+01
3.910000000001197240e-02	2.936377661027568564e+01
3.915000000001198771e-02	2.936377661027567498e+01
3.920000000001200302e-02	2.936195375313281986e+01
3.925000000001201833e-02	2.935952327694234398e+01
3.930000000001203364e-02	2.935101661027567843e+01
3.935000000001204895e-02	2.934615565789472669e+01
3.940000000001206426e-02	2.933825661027568188e+01
3.945000000001207957e-02	2.932853470551377839e+01
3.950000000001209488e-02	2.932245851503758516e+01
3.955000000001211019e-02	2.931395184837092316e+01
3.960000000001212550e-02	2.930301470551377818e+01
3.965000000001214081e-02	2.929633089598997131e+01
3.970000000001215612e-02	2.928660899122806782e+01
3.975000000001217143e-02	2.928235375313283129e+01
3.980000000001218674e-02	2.927810041979949673e+01
3.985000000001220205e-02	2.927627756265663805e+01
3.990000000001221736e-02	2.927505851503759615e+01
3.995000000001223267e-02	2.927201851503759400e+01
4.000000000001224798e-02	2.926958422932330350e+01
4.005000000001226329e-02	2.926532899122807052e+01
4.010000000001227860e-02	2.926350613408521184e+01
4.015000000001229391e-02	2.926289661027568911e+01
4.020000000001230922e-02	2.925620708646616563e+01
4.025000000001232453e-02	2.924404899122806967e+01
4.030000000001233984e-02	2.923067375313283378e+01
4.035000000001235515e-02	2.922216327694235716e+01
4.040000000001237046e-02	2.921365470551378607e+01
4.045000000001238577e-02	2.921000899122807226e+01
4.050000000001240108e-02	2.920697089598997920e+01
4.055000000001241639e-02	2.920271756265664465e+01
4.060000000001243170e-02	2.919785661027569290e+01
4.065000000001244701e-02	2.919481851503759984e+01
4.070000000001246232e-02	2.918691946741855148e+01
4.075000000001247763e-02	2.918509661027568924e+01
4.080000000001249294e-02	2.918205851503759263e+01
4.085000000001250825e-02	2.917719756265664088e+01
4.090000000001252356e-02	2.917233661027568914e+01
4.095000000001253887e-02	2.916626041979949591e+01
4.100000000001255418e-02	2.916079184837092697e+01
4.105000000001256949e-02	2.915410803884711655e+01
4.110000000001258480e-02	2.915106994360902348e+01
4.115000000001260011e-02	2.914924708646616480e+01
4.120000000001261542e-02	2.914620899122807174e+01
4.125000000001263073e-02	2.914377851503759587e+01
4.130000000001264604e-02	2.913952518170426131e+01
4.135000000001266135e-02	2.913587946741855106e+01
4.140000000001267666e-02	2.913101851503759931e+01
4.145000000001269197e-02	2.912251184837093021e+01
4.150000000001270728e-02	2.912129661027569583e+01
4.155000000001272259e-02	2.911278994360902672e+01
4.160000000001273790e-02	2.910489089598998191e+01
4.165000000001275321e-02	2.910246041979950604e+01
4.170000000001276852e-02	2.909395375313284049e+01
4.175000000001278383e-02	2.908423184837093700e+01
4.180000000001279914e-02	2.907937089598997815e+01
4.185000000001281445e-02	2.907450994360902641e+01
4.190000000001282976e-02	2.906964899122807466e+01
4.195000000001284507e-02	2.907086422932330905e+01
4.200000000001286038e-02	2.907025661027569186e+01
4.205000000001287569e-02	2.907025661027569186e+01
4.210000000001289100e-02	2.906782613408521598e+01
4.215000000001290631e-02	2.905992708646617118e+01
4.220000000001292162e-02	2.905992708646617118e+01
4.225000000001293693e-02	2.904594613408520942e+01
4.230000000001295224e-02	2.904290803884712702e+01
4.235000000001296755e-02	2.903621851503759288e+01
4.240000000001298286e-02	2.903317851503759428e+01
4.245000000001299817e-02	2.902466613408520146e+01
4.250000000001301348e-02	2.901919184837092303e+01
4.255000000001302879e-02	2.901614803884711336e+01
4.260000000001304410e-02	2.901310803884711476e+01
4.265000000001305941e-02	2.901310613408520211e+01
4.270000000001307472e-02	2.901249661027567939e+01
4.275000000001309003e-02	2.901432327694235269e+01
4.280000000001310534e-02	2.901310803884711120e+01
4.285000000001312065e-02	2.900824518170425037e+01
4.290000000001313596e-02	2.900156137218043995e+01
4.295000000001315127e-02	2.899122803884711175e+01
4.300000000001316658e-02	2.898211184837092347e+01
4.305000000001318189e-02	2.897178232456139924e+01
4.310000000001319720e-02	2.896874422932329551e+01
4.315000000001321251e-02	2.896449089598996451e+01
4.320000000001322782e-02	2.895841470551377483e+01
4.325000000001324313e-02	2.895659184837091615e+01
4.330000000001325844e-02	2.895233851503758515e+01
4.335000000001327375e-02	2.894930041979948854e+01
4.340000000001328906e-02	2.894565470551377473e+01
4.345000000001330437e-02	2.894140137218044373e+01
4.350000000001331968e-02	2.893775565789472992e+01
4.355000000001333499e-02	2.893532518170425405e+01
4.360000000001335030e-02	2.893167946741854024e+01
4.365000000001336561e-02	2.892621089598996775e+01
4.370000000001338092e-02	2.892134994360901601e+01
4.375000000001339623e-02	2.891405851503758839e+01
4.380000000001341154e-02	2.890737470551378152e+01
4.385000000001342685e-02	2.890555184837092284e+01
4.390000000001344216e-02	2.890008327694235390e+01
4.395000000001345747e-02	2.889704518170425729e+01
4.400000000001347278e-02	2.889279184837092629e+01
4.405000000001348809e-02	2.889218422932330554e+01
4.410000000001350340e-02	2.888975375313282967e+01
4.415000000001351871e-02	2.888671565789473661e+01
4.420000000001353402e-02	2.888732327694235380e+01
4.425000000001354933e-02	2.888063946741854693e+01
4.430000000001356464e-02	2.887820899122807106e+01
4.435000000001357995e-02	2.887456327694235014e+01
4.440000000001359526e-02	2.887091756265663989e+01
4.445000000001361057e-02	2.886848708646616757e+01
4.450000000001362588e-02	2.886666422932330178e+01
4.455000000001364119e-02	2.886180327694235004e+01
4.460000000001365650e-02	2.885572708646616036e+01
4.465000000001367181e-02	2.885208137218044655e+01
4.470000000001368712e-02	2.884296708646616025e+01
4.475000000001370243e-02	2.883689089598997057e+01
4.480000000001371774e-02	2.883446041979949470e+01
4.485000000001373305e-02	2.882899184837092577e+01
4.490000000001374836e-02	2.882595375313282915e+01
4.495000000001376367e-02	2.881926994360902228e+01
4.500000000001377898e-02	2.881319184837092706e+01
4.505000000001379429e-02	2.880407565789473878e+01
4.510000000001380960e-02	2.880103375313283109e+01
4.515000000001382491e-02	2.879617089598997381e+01
4.520000000001384022e-02	2.879130803884711653e+01
4.525000000001385553e-02	2.878705089598997802e+01
4.530000000001387084e-02	2.878036327694235652e+01
4.535000000001388615e-02	2.877975565789473578e+01
4.540000000001390146e-02	2.877610613408521445e+01
4.545000000001391677e-02	2.877488708646616544e+01
4.550000000001393208e-02	2.877002422932331172e+01
4.555000000001394739e-02	2.876515756265664692e+01
4.560000000001396270e-02	2.875968708646617245e+01
4.565000000001397801e-02	2.875847184837093096e+01
4.570000000001399332e-02	2.875360708646616814e+01
4.575000000001400863e-02	2.875178422932330946e+01
4.580000000001402394e-02	2.874935375313283359e+01
4.585000000001403925e-02	2.874692327694235772e+01
4.590000000001405456e-02	2.874023946741855084e+01
4.595000000001406987e-02	2.873537851503759910e+01
4.600000000001408518e-02	2.873355565789474042e+01
4.605000000001410049e-02	2.873234041979950248e+01
4.610000000001411580e-02	2.872747946741855074e+01
4.615000000001413111e-02	2.872747946741855074e+01
4.620000000001414642e-02	2.872322613408521974e+01
4.625000000001416173e-02	2.871897280075188519e+01
4.630000000001417704e-02	2.871775756265664725e+01
4.635000000001419235e-02	2.871836518170426800e+01
4.640000000001420766e-02	2.871228899122807832e+01
4.645000000001422297e-02	2.871168137218045757e+01
4.650000000001423828e-02	2.871046613408521964e+01
4.655000000001425359e-02	2.870621280075188864e+01
4.660000000001426890e-02	2.870621280075188864e+01
4.665000000001428421e-02	2.870135184837093689e+01
4.670000000001429952e-02	2.869709851503760234e+01
4.675000000001431483e-02	2.869406041979949862e+01
4.680000000001433014e-02	2.869284518170426068e+01
4.685000000001434545e-02	2.869223756265664349e+01
4.690000000001436076e-02	2.869041470551378481e+01
4.695000000001437607e-02	2.868859184837092968e+01
4.700000000001439138e-02	2.868798422932330894e+01
4.705000000001440669e-02	2.868737661027569175e+01
4.710000000001442200e-02	2.868616137218045381e+01
4.715000000001443731e-02	2.868859184837092968e+01
4.720000000001445262e-02	2.868798422932330894e+01
4.725000000001446793e-02	2.868555375313283307e+01
4.730000000001448324e-02	2.868798422932330894e+01
4.735000000001449855e-02	2.868494613408521587e+01
4.740000000001451386e-02	2.868130041979950207e+01
4.745000000001452917e-02	2.868069280075188132e+01
4.750000000001454448e-02	2.867643946741855032e+01
4.755000000001455979e-02	2.867400899122807445e+01
4.760000000001457510e-02	2.867461661027569164e+01
4.765000000001459041e-02	2.867522422932331239e+01
4.770000000001460572e-02	2.867583184837092958e+01
4.775000000001462103e-02	2.867947756265664339e+01
4.780000000001463634e-02	2.867947756265664339e+01
4.785000000001465165e-02	2.867886994360902619e+01
4.790000000001466696e-02	2.867643946741855032e+01
4.795000000001468227e-02	2.867522422932331239e+01
4.800000000001469758e-02	2.867522422932331239e+01
4.805000000001471289e-02	2.867279375313283651e+01
4.810000000001472820e-02	2.867157851503759858e+01
4.815000000001474351e-02	2.866671756265664683e+01
4.820000000001475882e-02	2.866671756265664683e+01
4.825000000001477413e-02	2.866793280075188477e+01
4.830000000001478944e-02	2.867400899122807445e+01
4.835000000001480475e-02	2.867947756265664339e+01
4.840000000001482006e-02	2.868616137218045381e+01
4.845000000001483537e-02	2.869041470551378481e+01
4.850000000001485068e-02	2.869284518170426779e+01
4.855000000001486599e-02	2.869527565789474721e+01
4.860000000001488130e-02	2.869345280075188853e+01
4.865000000001489661e-02	2.869527565789474721e+01
4.870000000001491192e-02	2.870074422932331260e+01
4.875000000001492723e-02	2.870074422932331615e+01
4.880000000001494254e-02	2.870378232456141276e+01
4.885000000001495785e-02	2.870621280075188864e+01
4.890000000001497316e-02	2.871046613408521964e+01
4.895000000001498847e-02	2.871897280075188519e+01
4.900000000001500378e-02	2.872808708646617148e+01
4.905000000001501909e-02	2.873781089598997696e+01
4.910000000001503440e-02	2.874631756265664251e+01
4.915000000001504971e-02	2.875543565789473632e+01
4.920000000001506502e-02	2.876638041979949634e+01
4.925000000001508033e-02	2.877732518170425635e+01
4.930000000001509564e-02	2.879191756265663926e+01
4.935000000001511095e-02	2.881501470551377864e+01
4.940000000001512626e-02	2.883567565789473264e+01
4.945000000001514157e-02	2.886605661027568104e+01
4.950000000001515688e-02	2.890555184837092284e+01
4.955000000001517219e-02	2.894991565789474208e+01
4.960000000001518750e-02	2.900218041979950456e+01
4.965000000001520281e-02	2.906173661027569111e+01
4.970000000001521812e-02	2.913284518170425130e+01
4.975000000001523343e-02	2.920638041979949051e+01
4.980000000001524874e-02	2.928781089598996701e+01
4.985000000001526405e-02	2.937836518170426459e+01
4.990000000001527936e-02	2.947012899122807283e+01
4.995000000001529467e-02	2.957039946741854308e+01
5.000000000001530998e-02	2.968647375313283021e+01
5.005000000001532529e-02	2.981530994360901943e+01
5.010000000001534060e-02	2.995569280075187280e+01
5.015000000001535591e-02	3.011552518170426751e+01
5.020000000001537122e-02	3.028386613408521200e+01
5.025000000001538653e-02	3.046375184837092931e+01
5.030000000001540184e-02	3.067098613408520791e+01
5.035000000001541715e-02	3.089159184837093264e+01
5.040000000001543246e-02	3.113528708646616039e+01
5.045000000001544777e-02	3.139964327694235280e+01
5.050000000001546308e-02	3.167919375313283581e+01
5.055000000001547839e-02	3.198913280075188226e+01
5.060000000001549370e-02	3.232034232456140188e+01
5.065000000001550901e-02	3.268558232456140189e+01
5.070000000001552432e-02	3.308242613408521038e+01
5.075000000001553963e-02	3.351634041979949075e+01
5.080000000001555494e-02	3.399097089598997457e+01
5.085000000001557025e-02	3.451968899122805823e+01
5.090000000001558556e-02	3.510796327694235686e+01
5.095000000001560087e-02	3.576612708646616312e+01
5.100000000001561618e-02	3.651240899122806383e+01
5.105000000001563148e-02	3.735410232456140278e+01
5.110000000001564679e-02	3.832037851503758219e+01
5.115000000001566210e-02	3.944587946741854978e+01
5.120000000001567741e-02	4.076220518170426033e+01
5.125000000001569272e-02	4.235200518170425710e+01
5.130000000001570803e-02	4.429610994360901799e+01
5.135000000001572334e-02	4.674340518170426151e+01
5.140000000001573865e-02	4.994670613408521831e+01
5.145000000001575396e-02	5.422203184837091072e+01
5.150000000001576927e-02	6.014914422932330496e+01
5.155000000001578458e-02	6.896171946741853276e+01
5.160000000001579989e-02	8.059048327694233649e+01
5.165000000001581520e-02	9.272122041979949358e+01
5.170000000001583051e-02	1.019768242293233129e+02
5.175000000001584582e-02	1.082940928007518693e+02
5.180000000001586113e-02	1.060218185150376087e+02
5.185000000001587644e-02	1.097544432769423679e+02
5.190000000001589175e-02	1.068215785150375723e+02
5.195000000001590706e-02	1.085778947055137849e+02
5.200000000001592237e-02	1.061263461340852245e+02
5.205000000001593768e-02	1.063123099436090229e+02
5.210000000001595299e-02	1.076091880388471225e+02
5.215000000001596830e-02	1.062782756578947527e+02
5.220000000001598361e-02	1.060522032769423504e+02
5.225000000001599892e-02	1.068635099436090314e+02
5.230000000001601423e-02	1.054055842293233098e+02
5.235000000001602954e-02	1.059975061340852136e+02
5.240000000001604485e-02	1.060333632769423673e+02
5.245000000001606016e-02	1.052840432769423700e+02
5.250000000001607547e-02	1.053417785150375749e+02
5.255000000001609078e-02	1.033259613721804442e+02
5.260000000001610609e-02	1.033915956578947402e+02
5.265000000001612140e-02	1.013186566102756956e+02
5.270000000001613671e-02	1.004635899436090369e+02
5.275000000001615202e-02	9.941709470551377592e+01
5.280000000001616733e-02	9.812446994360902863e+01
5.285000000001618264e-02	9.804181851503759049e+01
5.290000000001619795e-02	9.641373280075185903e+01
5.295000000001621326e-02	9.590203184837091044e+01
5.300000000001622857e-02	9.551855946741855519e+01
5.305000000001624388e-02	9.393422994360903999e+01
5.310000000001625919e-02	9.342860518170427042e+01
5.315000000001627450e-02	9.208736327694235513e+01
5.320000000001628981e-02	9.143406041979949350e+01
5.325000000001630512e-02	9.023137661027570289e+01
5.330000000001632043e-02	8.946443184837094975e+01
5.335000000001633574e-02	8.870113280075187845e+01
5.340000000001635105e-02	8.777192708646617803e+01
5.345000000001636636e-02	8.720249470551380000e+01
5.350000000001638167e-02	8.611771184837093074e+01
5.355000000001639698e-02	8.540667565789473770e+01
5.360000000001641229e-02	8.436686232456140999e+01
5.365000000001642760e-02	8.341820708646616822e+01
5.370000000001644291e-02	8.248292137218045639e+01
5.375000000001645822e-02	8.152089661027569889e+01
5.380000000001647353e-02	8.088278994360901208e+01
5.385000000001648884e-02	8.010915946741855009e+01
5.390000000001650415e-02	7.951845280075187361e+01
5.395000000001651946e-02	7.851145851503758877e+01
5.400000000001653477e-02	7.779738422932328490e+01
5.405000000001655008e-02	7.697635375313282680e+01
5.410000000001656539e-02	7.601736708646616592e+01
5.415000000001658070e-02	7.531544899122806669e+01
5.420000000001659601e-02	7.436071946741853367e+01
5.425000000001661132e-02	7.376940708646615974e+01
5.430000000001662663e-02	7.285114041979947785e+01
5.435000000001664194e-02	7.226590232456139518e+01
5.440000000001665725e-02	7.149105851503757947e+01
5.445000000001667256e-02	7.084079565789473065e+01
5.450000000001668787e-02	7.007992899122805852e+01
5.455000000001670318e-02	6.925707565789473108e+01
5.460000000001671849e-02	6.858979756265665628e+01
5.465000000001673380e-02	6.772075375313282564e+01
5.470000000001674911e-02	6.716043375313282127e+01
5.475000000001676442e-02	6.641232899122806543e+01
5.480000000001677973e-02	6.592067756265664968e+01
5.485000000001679504e-02	6.517318041979949328e+01
5.490000000001681035e-02	6.464689280075187128e+01
5.495000000001682566e-02	6.393038803884712706e+01
5.500000000001684097e-02	6.324852708646616861e+01
5.505000000001685628e-02	6.257334803884712215e+01
5.510000000001687159e-02	6.189087756265663387e+01
5.515000000001688690e-02	6.133298803884710537e+01
5.520000000001690221e-02	6.069791946741853650e+01
5.525000000001691752e-02	6.021660137218045605e+01
5.530000000001693283e-02	5.957423946741852205e+01
5.535000000001694814e-02	5.909899756265662774e+01
5.540000000001696345e-02	5.846514041979949639e+01
5.545000000001697876e-02	5.793398994360901355e+01
5.550000000001699407e-02	5.731107565789473313e+01
5.555000000001700938e-02	5.676534232456140217e+01
5.560000000001702469e-02	5.617463946741855807e+01
5.565000000001704000e-02	5.566840899122805553e+01
5.570000000001705531e-02	5.518587756265663558e+01
5.575000000001707062e-02	5.467053089598996962e+01
5.580000000001708593e-02	5.422506994360902866e+01
5.585000000001710124e-02	5.371397661027567949e+01
5.590000000001711655e-02	5.326122232456139471e+01
5.595000000001713186e-02	5.271913280075186492e+01
5.600000000001714717e-02	5.225544327694234426e+01
5.605000000001716248e-02	5.170545470551378031e+01
5.610000000001717779e-02	5.128248137218043468e+01
5.615000000001719310e-02	5.080299184837091531e+01
5.620000000001720841e-02	5.042802613408520074e+01
5.625000000001722372e-02	4.998560518170425837e+01
5.630000000001723903e-02	4.961246232456139182e+01
5.635000000001725434e-02	4.914451565789472198e+01
5.640000000001726965e-02	4.871971565789472436e+01
5.645000000001728496e-02	4.825663184837092246e+01
5.650000000001730027e-02	4.782636708646616341e+01
5.655000000001731558e-02	4.740764708646615588e+01
5.660000000001733089e-02	4.700958803884709880e+01
5.665000000001734620e-02	4.664070041979949366e+01
5.670000000001736151e-02	4.626938041979948935e+01
5.675000000001737682e-02	4.593756327694235608e+01
5.680000000001739213e-02	4.554375946741853909e+01
5.685000000001740744e-02	4.517912899122806891e+01
5.690000000001742275e-02	4.476891565789473759e+01
5.695000000001743806e-02	4.442190613408519795e+01
5.700000000001745337e-02	4.403904137218044923e+01
5.705000000001746868e-02	4.372302613408520955e+01
5.710000000001748399e-02	4.337844708646616709e+01
5.715000000001749930e-02	4.308795756265663357e+01
5.720000000001751461e-02	4.275978803884710544e+01
5.725000000001752992e-02	4.246382803884710455e+01
5.730000000001754523e-02	4.211742803884710895e+01
5.735000000001756054e-02	4.180991946741853837e+01
5.740000000001757585e-02	4.145197280075187507e+01
5.745000000001759116e-02	4.115661851503759294e+01
5.750000000001760647e-02	4.083695756265663590e+01
5.755000000001762178e-02	4.055314994360901437e+01
5.760000000001763709e-02	4.025840327694235299e+01
5.765000000001765240e-02	3.999465089598996315e+01
5.770000000001766771e-02	3.972239375313282750e+01
5.775000000001768302e-02	3.946775756265663659e+01
5.780000000001769833e-02	3.918213089598997101e+01
5.785000000001771364e-02	3.889710994360902419e+01
5.790000000001772895e-02	3.859567946741854172e+01
5.795000000001774426e-02	3.833557470551377833e+01
5.800000000001775957e-02	3.808397851503759313e+01
5.805000000001777488e-02	3.786337470551377749e+01
5.810000000001779019e-02	3.763912899122806976e+01
5.815000000001780550e-02	3.741244899122806800e+01
5.820000000001782081e-02	3.716146041979949644e+01
5.825000000001783612e-02	3.691837280075187522e+01
5.830000000001785143e-02	3.667102803884711193e+01
5.835000000001786674e-02	3.642003756265663128e+01
5.840000000001788205e-02	3.618181089598996891e+01
5.845000000001789736e-02	3.594783565789473556e+01
5.850000000001791267e-02	3.571994041979949230e+01
5.855000000001792798e-02	3.552486041979949505e+01
5.860000000001794329e-02	3.531580518170425620e+01
5.865000000001795860e-02	3.511404137218045207e+01
5.870000000001797391e-02	3.490012518170425437e+01
5.875000000001798922e-02	3.468802994360901693e+01
5.880000000001800453e-02	3.446864137218044277e+01
5.885000000001801984e-02	3.426444708646615567e+01
5.890000000001803515e-02	3.404870422932329888e+01
5.895000000001805046e-02	3.385241089598996211e+01
5.900000000001806577e-02	3.366583756265664107e+01
5.905000000001808108e-02	3.348413089598997772e+01
5.910000000001809639e-02	3.331153661027568802e+01
5.915000000001811170e-02	3.313165280075188690e+01
5.920000000001812701e-02	3.293778803884711692e+01
5.925000000001814232e-02	3.275364708646616663e+01
5.930000000001815763e-02	3.255613851503759548e+01
5.935000000001817294e-02	3.238172137218045066e+01
5.940000000001818825e-02	3.220973661027567658e+01
5.945000000001820356e-02	3.204625851503758582e+01
5.950000000001821887e-02	3.188034994360901564e+01
5.955000000001823418e-02	3.172720327694235110e+01
5.960000000001824949e-02	3.157284327694235415e+01
5.965000000001826480e-02	3.142030803884712142e+01
5.970000000001828011e-02	3.124285280075187998e+01
5.975000000001829542e-02	3.107755375313283253e+01
5.980000000001831073e-02	3.089706041979949447e+01
5.985000000001832604e-02	3.074755756265663464e+01
5.990000000001834135e-02	3.060109470551378408e+01
5.995000000001835666e-02	3.046192899122807418e+01
6.000000000001837197e-02	3.033734613408520886e+01
6.005000000001838728e-02	3.020668899122807005e+01
6.010000000001840259e-02	3.007056137218045322e+01
6.015000000001841790e-02	2.993017470551378167e+01
6.020000000001843321e-02	2.978249661027568607e+01
6.025000000001844852e-02	2.964150041979948824e+01
6.030000000001846383e-02	2.949989851503758942e+01
6.035000000001847914e-02	2.937774613408521773e+01
6.040000000001849445e-02	2.925194994360902001e+01
6.045000000001850976e-02	2.914073661027568107e+01
6.050000000001852507e-02	2.901676327694235624e+01
6.055000000001854038e-02	2.889765089598998316e+01
6.060000000001855569e-02	2.877063756265663486e+01
6.065000000001857100e-02	2.865152518170425466e+01
6.070000000001858631e-02	2.852390232456140495e+01
6.075000000001860162e-02	2.840114422932330385e+01
6.080000000001861693e-02	2.827352327694235257e+01
6.085000000001863224e-02	2.815441089598997593e+01
6.090000000001864755e-02	2.805352899122807031e+01
6.095000000001866286e-02	2.794656899122806237e+01
6.100000000001867817e-02	2.784507756265663758e+01
6.105000000001869348e-02	2.772900327694235756e+01
6.110000000001870879e-02	2.760928137218045109e+01
6.115000000001872410e-02	2.748287756265663972e+01
6.120000000001873941e-02	2.736619565789472830e+01
6.125000000001875472e-02	2.725498041979950159e+01
6.130000000001877003e-02	2.715105851503760093e+01
6.135000000001878534e-02	2.705382041979949648e+01
6.140000000001880065e-02	2.696326803884711865e+01
6.145000000001881596e-02	2.686724708646616833e+01
6.150000000001883127e-02	2.677061851503759726e+01
6.155000000001884658e-02	2.666974041979949916e+01
6.160000000001886189e-02	2.656399565789473627e+01
6.165000000001887720e-02	2.646190232456140023e+01
6.170000000001889251e-02	2.636041470551379007e+01
6.175000000001890782e-02	2.626074613408520975e+01
6.180000000001892313e-02	2.616898232456140150e+01
6.185000000001893844e-02	2.608025470551378433e+01
6.190000000001895375e-02	2.599821280075187957e+01
6.195000000001896906e-02	2.591495565789473687e+01
6.200000000001898437e-02	2.583230232456140030e+01
6.205000000001899968e-02	2.573992708646616379e+01
6.210000000001901499e-02	2.564330041979949826e+01
6.215000000001903030e-02	2.555821851503759490e+01
6.220000000001904561e-02	2.547010041979950401e+01
6.225000000001906092e-02	2.539109851503759430e+01
6.230000000001907623e-02	2.532120708646615981e+01
6.235000000001909154e-02	2.524949470551377928e+01
6.240000000001910685e-02	2.518203565789473686e+01
6.245000000001912216e-02	2.511032708646616385e+01
6.250000000001913747e-02	2.503800899122807522e+01
6.255000000001914584e-02	2.495961661027569178e+01
6.260000000001916809e-02	2.488547565789473737e+01
6.265000000001919034e-02	2.481133089598997188e+01
6.270000000001919871e-02	2.474265851503759350e+01
6.275000000001920708e-02	2.467580899122807025e+01
6.280000000001922933e-02	2.461138994360902288e+01
6.285000000001925158e-02	2.455122613408521559e+01
6.290000000001925995e-02	2.449288518170426343e+01
6.295000000001926832e-02	2.443271756265664152e+01
6.300000000001929057e-02	2.436525851503759199e+01
6.305000000001931282e-02	2.429537280075187766e+01
6.310000000001932119e-02	2.422974041979949789e+01
6.315000000001932956e-02	2.416045851503759678e+01
6.320000000001935181e-02	2.411002041979950050e+01
6.325000000001937406e-02	2.406261661027568977e+01
6.330000000001938243e-02	2.401156708646616877e+01
6.335000000001939080e-02	2.396477470551378275e+01
6.340000000001941305e-02	2.390460899122806637e+01
6.345000000001943530e-02	2.384870041979950273e+01
6.350000000001944367e-02	2.379400518170426082e+01
6.355000000001945204e-02	2.374234994360902462e+01
6.360000000001947429e-02	2.368947756265664495e+01
6.365000000001949654e-02	2.364511565789473835e+01
6.370000000001950491e-02	2.359771184837092406e+01
6.375000000001951328e-02	2.355516899122806862e+01
6.380000000001953553e-02	2.351384518170426219e+01
6.385000000001955778e-02	2.346887184837092732e+01
6.390000000001956615e-02	2.342025470551378419e+01
6.395000000001957452e-02	2.337163756265664105e+01
6.400000000001959677e-02	2.331329661027568889e+01
6.405000000001961902e-02	2.326406994360902658e+01
6.410000000001962739e-02	2.321302041979949493e+01
6.415000000001963576e-02	2.316926803884711816e+01
6.420000000001965801e-02	2.313766422932330968e+01
6.425000000001968026e-02	2.309937470551378524e+01
6.430000000001968863e-02	2.307141851503759256e+01
6.435000000001969700e-02	2.303313280075187564e+01
6.440000000001971925e-02	2.299302422932330714e+01
6.445000000001974150e-02	2.295169851503759517e+01
6.450000000001974987e-02	2.291098613408521345e+01
6.455000000001975824e-02	2.286783565789473371e+01
6.460000000001978049e-02	2.283622994360902325e+01
6.465000000001980274e-02	2.279916518170426443e+01
6.470000000001981111e-02	2.276512899122806743e+01
6.475000000001981948e-02	2.273291756265663821e+01
6.480000000001984173e-02	2.269098803884712012e+01
6.485000000001986398e-02	2.265452137218044726e+01
6.490000000001987235e-02	2.261440899122806769e+01
6.495000000001988072e-02	2.257673280075187705e+01
6.500000000001990297e-02	2.254574041979949683e+01
6.505000000001992522e-02	2.251535756265663935e+01
6.510000000001993359e-02	2.248679946741854607e+01
6.515000000001994196e-02	2.246674613408520926e+01
6.520000000001996421e-02	2.243939756265664087e+01
6.525000000001998646e-02	2.241691184837092266e+01
6.530000000001999483e-02	2.238712899122807087e+01
6.535000000002000320e-02	2.235673851503758769e+01
6.540000000002002545e-02	2.231967184837092688e+01
6.545000000002004770e-02	2.228989089598997353e+01
6.550000000002005607e-02	2.226436899122806423e+01
6.555000000002006444e-02	2.223945661027568832e+01
6.560000000002008669e-02	2.222426041979949929e+01
6.565000000002010894e-02	2.220481280075187769e+01
6.570000000002011731e-02	2.219204899122807007e+01
6.575000000002012568e-02	2.217624518170426029e+01
6.580000000002014793e-02	2.216591184837092499e+01
6.585000000002017018e-02	2.214464137218044826e+01
6.590000000002017855e-02	2.212215375313282806e+01
6.595000000002018692e-02	2.209237851503759487e+01
6.600000000002020917e-02	2.206746232456140078e+01
6.605000000002023142e-02	2.204498041979949718e+01
6.610000000002023979e-02	2.203161280075187634e+01
6.615000000002024816e-02	2.202067565789473491e+01
6.620000000002027041e-02	2.200730803884711761e+01
6.625000000002029266e-02	2.199575946741854793e+01
6.630000000002030103e-02	2.197691946741854707e+01
6.635000000002030940e-02	2.196354613408521317e+01
6.640000000002033165e-02	2.195199946741854546e+01
6.645000000002035390e-02	2.194409851503759512e+01
6.650000000002036227e-02	2.193194422932330667e+01
6.655000000002037064e-02	2.192890613408521361e+01
6.660000000002039289e-02	2.191796518170426467e+01
6.665000000002041514e-02	2.191127756265664317e+01
6.670000000002042351e-02	2.189790803884711679e+01
6.675000000002043188e-02	2.188696327694235677e+01
6.680000000002045413e-02	2.187359375313283039e+01
6.685000000002047638e-02	2.186326232456140417e+01
6.690000000002048475e-02	2.185718613408521449e+01
6.695000000002049312e-02	2.184807184837093175e+01
6.700000000002051537e-02	2.184928708646616258e+01
6.705000000002053762e-02	2.184746422932330745e+01
6.710000000002054599e-02	2.185232518170425919e+01
6.715000000002055436e-02	2.185536327694235936e+01
6.720000000002057661e-02	2.185354041979949713e+01
6.725000000002059886e-02	2.185050232456140762e+01
6.730000000002060723e-02	2.184138803884711066e+01
6.735000000002061560e-02	2.183531184837092809e+01
6.740000000002063785e-02	2.182498232456140030e+01
6.745000000002066010e-02	2.181829851503759343e+01
6.750000000002066847e-02	2.181465280075187607e+01
6.755000000002067684e-02	2.181647565789473475e+01
6.760000000002069909e-02	2.181829851503759699e+01
6.765000000002072134e-02	2.182558994360902105e+01
6.770000000002072971e-02	2.182741280075187973e+01
6.775000000002073808e-02	2.183409661027568305e+01
6.780000000002076033e-02	2.183470422932330735e+01
6.785000000002078258e-02	2.184321089598996934e+01
6.790000000002079095e-02	2.184199565789473496e+01
6.795000000002079932e-02	2.185110994360902126e+01
6.800000000002082157e-02	2.185718613408521449e+01
6.805000000002084382e-02	2.186690803884711798e+01
6.810000000002085219e-02	2.187845280075187659e+01
6.815000000002086056e-02	2.188695946741854570e+01
6.820000000002088281e-02	2.189182041979950100e+01
6.825000000002090506e-02	2.189486041979949960e+01
6.830000000002091343e-02	2.189850613408521340e+01
6.835000000002092180e-02	2.190519565789473333e+01
6.840000000002094405e-02	2.191978613408521781e+01
6.845000000002096630e-02	2.193498232456139974e+01
6.850000000002097467e-02	2.195625851503759307e+01
6.855000000002098304e-02	2.196780899122807185e+01
6.860000000002100529e-02	2.198117661027569270e+01
6.865000000002102754e-02	2.198786422932331064e+01
6.870000000002103591e-02	2.199394041979949677e+01
6.875000000002104428e-02	2.200183946741854868e+01
6.880000000002106653e-02	2.201338422932330730e+01
6.885000000002108878e-02	2.202492899122806946e+01
6.890000000002109715e-02	2.203890422932330395e+01
6.895000000002110552e-02	2.205348708646616629e+01
6.900000000002112777e-02	2.206503184837092491e+01
6.905000000002115002e-02	2.208204518170425956e+01
6.910000000002115839e-02	2.209419756265663892e+01
6.915000000002116676e-02	2.211424899122806664e+01
6.920000000002118901e-02	2.212883184837092543e+01
6.925000000002121125e-02	2.214342041979950082e+01
6.930000000002121963e-02	2.216226422932330919e+01
6.935000000002122800e-02	2.217685661027568855e+01
6.940000000002125025e-02	2.219266422932330940e+01
6.945000000002127249e-02	2.220907375313283083e+01
6.950000000002128087e-02	2.222548327694235581e+01
6.955000000002128924e-02	2.224431946741854560e+01
6.960000000002131149e-02	2.226740899122806994e+01
6.965000000002133373e-02	2.228502994360901823e+01
6.970000000002134211e-02	2.230629661027568744e+01
6.975000000002135048e-02	2.232756518170425508e+01
6.980000000002137273e-02	2.235187375313283553e+01
6.985000000002139497e-02	2.237497089598997491e+01
6.990000000002140335e-02	2.240353851503759230e+01
6.995000000002141172e-02	2.242724518170425796e+01
7.000000000002143397e-02	2.245094803884711609e+01
7.005000000002145621e-02	2.247160899122806654e+01
7.010000000002146459e-02	2.249348327694235294e+01
7.015000000002147296e-02	2.252082613408521183e+01
7.020000000002149521e-02	2.254574041979950039e+01
7.025000000002151745e-02	2.257186803884711779e+01
7.030000000002152583e-02	2.260225470551378635e+01
7.035000000002153420e-02	2.263021470551378656e+01
7.040000000002155645e-02	2.266060518170426263e+01
7.045000000002157869e-02	2.269038613408521243e+01
7.050000000002158707e-02	2.272077280075187744e+01
7.055000000002159544e-02	2.275054613408521575e+01
7.060000000002161769e-02	2.277545851503759877e+01
7.065000000002163993e-02	2.280644899122806990e+01
7.070000000002164831e-02	2.283865851503759714e+01
7.075000000002165668e-02	2.287269470551378348e+01
7.080000000002167893e-02	2.290855375313282849e+01
7.085000000002170117e-02	2.293954994360901978e+01
7.090000000002170955e-02	2.297479756265664008e+01
7.095000000002171792e-02	2.300214041979949897e+01
7.100000000002174017e-02	2.303069851503759580e+01
7.105000000002176241e-02	2.306230041979950229e+01
7.110000000002177079e-02	2.309086803884711614e+01
7.115000000002177916e-02	2.311700518170426122e+01
7.120000000002180141e-02	2.315286422932330979e+01
7.125000000002182365e-02	2.318507375313283703e+01
7.130000000002183203e-02	2.322699946741854404e+01
7.135000000002184040e-02	2.326345661027569278e+01
7.140000000002186265e-02	2.330478422932330673e+01
7.145000000002188489e-02	2.334064327694235530e+01
7.150000000002189326e-02	2.337528708646616238e+01
7.155000000002190164e-02	2.341114613408521095e+01
7.160000000002192388e-02	2.344335184837092356e+01
7.165000000002194613e-02	2.348102422932330668e+01
7.170000000002195450e-02	2.351505470551378352e+01
7.175000000002196288e-02	2.355698994360902532e+01
7.180000000002198512e-02	2.359770994360902208e+01
7.185000000002200737e-02	2.363964518170426032e+01
7.190000000002201574e-02	2.368097089598997229e+01
7.195000000002202412e-02	2.372411375313282988e+01
